1980 2795.6 1600.4 82.4 11.27 11.506
1981 3131.3 1756.1 90.9 13.45 14.029
1982 3259.2 1911.2 96.5 12.76 10.686
1983 3534.9 2127.8 99.6 11.18 8.630
1984 3932.7 2311.7 103.9 12.41 9.580
1985 4213.0 2497.4 107.6 10.79 7.480
1986 4452.9 2734.0 109.6 7.78 5.980
1987 4742.5 2832.8 113.6 8.59 5.820
1988 5108.3 2995.8 118.3 8.96 6.690
1989 5489.1 3159.9 124.0 8.45 8.120
1990 5803.2 3279.1 130.7 8.61 7.510
1991 5986.2 3379.8 136.2 8.14 5.420
1992 6318.9 3434.1 140.3 7.67 3.450
1993 6642.3 3487.5 144.5 6.59 3.020
1994 7054.3 3502.2 148.2 7.37 4.290
1995 7400.5 3649.3 152.4 6.88 5.510
1996 7813.2 3824.2 156.9 6.71 5.020
1997 8300.8 4046.7 160.5 6.61 5.070
1998 8759.9 4401.4 163.0 5.58 4.810